#=== TESTING GRIDS ===#


#=== A grid to show all indexes: ===#

00 01 02   03 04 05   06 07 08
09 10 11   12 13 14   15 16 17
18 19 20   21 22 23   24 25 26

27 28 29   30 31 32   33 34 35
36 37 38   39 40 41   42 43 44
45 46 47   48 49 50   51 52 53

54 55 56   57 58 59   60 61 62
63 64 65   66 67 68   69 70 71   
72 73 74   75 76 77   78 79 80


#=== A grid to be solved: ===#
.51.......2..915...8..2..1..7.1.643.1..9.27..8627.3.5.7....82.521..7539..46.3.871


#=== A dot grid: ===#
.................................................................................


#=== A full grid: ===#
123456789123456789123456789123456789123456789123456789123456789123456789123456789

